  No    Ref    V       B-V     U-B

 0001   495  17.680   1.946         
 0002   495  16.944   1.411         
 0003   495  17.455   1.946         
 0004   495  18.554   1.805         
 0005   495  16.524   1.763         
 0006   495  18.510   1.848         
 0007   495  12.626   0.405         
 0008   495  13.866   0.928         
 0009   495  14.533   1.775         
 0010   495  13.802   0.761         
 0011   495  15.641   1.019         
 0012   495  16.398   1.088         
 0013   495  17.373   1.431         
 0014   495  14.398   0.688         
 0015   495  16.115   0.963         
 0016   495  16.391   1.068         
 0017   495  15.618   1.142         
 0018   495  17.631   2.012         
 0019   495  17.880   1.126         
 0020   495  15.416   1.118         
 0021   495  17.453   1.376         
 0022   495  15.153   1.332         
 0023   495  16.184   1.422         
 0024   495  12.345   0.357         
 0025   495  17.511   1.443         
 0026   495  18.228   1.648         
 0027   495  18.068   1.535         
 0028   495  17.856   1.381         
 0029   495  17.106   1.539         
 0030   495  17.869   1.589         
 0031   495  15.928   1.097         
 0032   495  15.767   1.002         
 0033   495  17.117   2.405         
 0034   495  17.821   1.431         
 0035   495  13.790   1.242         
 0036   495  13.549   0.551         
 0037   495  14.433   0.727         
 0038   495  17.733   1.542         
 0039   495  16.119   1.084         
 0040   495  17.083   1.259         
 0041   495  17.103   1.324         
 0042   495  16.279   1.041         
 0043   495  17.934   1.582         
 0044   495  13.801   0.694         
 0045   495  17.529   1.834         
 0046   495  14.769   0.979         
 0047   495  18.651   1.582         
 0048   495  16.237   1.273         
 0049   495  16.985   1.207         
 0050   495  16.178   0.920         
 0051   495  15.153   0.814         
 0052   495  17.319   1.684         
 0053   495  18.539   2.015         
 0054   495  17.342   1.178         
 0055   495  17.317   1.961         
 0056   495  13.701   1.039         
 0057   495  17.727   1.584         
 0058   495  16.390   1.089         
 0059   495  15.274   1.152         
 0060   495  18.005   1.815         
 0061   495  18.773   1.610         
 0062   495  18.158   1.893         
 0063   495  17.666   1.419         
 0064   495  16.130   1.079         
 0065   495  17.980   1.406         
 0066   495  15.939   1.232         
 0067   495  17.355   1.463         
 0068   495  15.880   1.139         
 0069   495  13.527   0.763         
 0070   495  14.585   0.908         
 0071   495  16.141   1.288         
 0072   495  15.172   0.882         
 0073   495  15.219   1.288         
 0074   495  13.042   0.532         
 0075   495  12.439   0.535         
 0076   495  18.522   2.184         
 0077   495  16.337   0.980         
 0078   495  18.347   1.827         
 0079   495  15.745   1.129         
 0080   495  16.376   1.160         
 0081   495  15.403   0.971         
 0082   495  16.750   2.794         
 0083   495  18.142   1.508         
 0084   495  16.446   1.597         
 0085   495  13.899   0.695         
 0086   495  16.684   1.407         
 0087   495  17.841   2.058         
 0088   495  18.234   1.622         
 0089   495  13.795   0.936         
 0090   495  14.061   0.582         
 0091   495  18.423   2.082         
 0092   495  12.609   0.523         
 0093   495  17.099   1.429         
 0094   495  18.870   1.454         
 0095   495  15.225   0.837         
 0096   495  15.002   0.784         
 0097   495  14.856   0.766         
 0098   495  16.170   1.053         
 0099   495  15.130   0.766         
 0100   495  15.124   0.822         
 0101   495  15.376   1.095         
 0102   495  14.231   0.662         
 0103   495  18.584   1.549         
 0104   495  13.684   0.834         
 0105   495  17.367   1.227         
 0106   495  13.590   0.549         
 0107   495  17.887   1.634         
 0108   495  14.942   1.018         
 0109   495  18.804   2.467         
 0110   495  15.801   1.420         
 0111   495  17.014   1.376         
 0112   495  18.010   1.356         
 0113   495  17.482   1.350         
 0114   495  14.560   0.774         
 0115   495  18.308   1.617         
 0116   495  15.188   0.794         
 0117   495  16.098   1.068         
 0118   495  17.534   1.333         
 0119   495  13.969   0.745         
 0120   495  13.671   0.638         
 0121   495  12.463   0.506         
 0122   495  15.427   0.844         
 0123   495  15.348   1.435         
 0124   495  15.961   0.956         
 0125   495  15.169   1.038         
 0126   495  14.506   0.598         
 0127   495  16.256   1.032         
 0128   495  17.096   1.261         
 0129   495  16.556   1.937         
 0130   495  18.026   1.416         
 0131   495  16.754   1.077         
 0132   495  15.233   1.276         
 0133   495  15.710   1.857         
 0134   495  17.547   1.332         
 0135   495  10.848   0.687         
 0136   495  14.091   0.715         
 0137   495  15.082   1.481         
 0138   495  18.341   1.732         
 0139   495  12.726   0.590         
 0140   495  17.783   1.687         
 0141   495  15.538   1.178         
 0142   495  17.025   1.305         
 0143   495  16.938   1.507         
 0144   495  18.562   1.572         
 0145   495  13.997   0.858         
 0146   495  13.472   0.535         
 0147   495  16.094   0.842         
 0148   495  12.819   0.636         
 0149   495  15.113   0.874         
 0150   495  16.572   0.981         
 0151   495  15.444   0.910         
 0152   495  11.374   1.126         
 0153   495  17.511   1.404         
 0154   495  14.216   0.762         
 0155   495  16.622   1.476         
 0156   495  12.651   0.837         
 0157   495  17.530   1.129         
 0158   495  17.464   1.448         
 0159   495  16.339   1.152         
 0160   495  13.037   0.782         
 0161   495  18.477   1.182         
 0162   495  13.928   0.733         
 0163   495  15.923   0.944         
 0164   495  16.159   1.023         
 0165   495  14.666   0.712         
 0166   495  15.275   0.777         
 0167   495  17.372   1.435         
 0168   495  15.552   2.107         
 0169   495  15.501   1.789         
 0170   495  18.355   1.809         
 0171   495  16.104   0.954         
 0172   495  17.368   1.170         
 0173   495  17.143   1.151         
 0174   495  16.238   1.216         
 0175   495  17.440   1.535         
 0176   495  18.413   1.691         
 0177   495  16.338   1.083         
 0178   495  17.122   1.831         
 0179   495  12.205   0.611         
 0180   495  14.422   0.752         
 0181   495  16.515   1.200         
 0182   495  18.155   1.582         
 0183   495  17.691   1.496         
 0184   495  14.589   1.236         
 0185   495  18.615   1.245         
 0186   495  18.301   1.440         
 0187   495  14.235   1.034         
 0188   495  18.570   1.619         
 0189   495  18.063   1.576         
 0190   495  15.547   1.361         
 0191   495  17.878   1.492         
 0192   495  18.071   1.547         
 0193   495  15.912   1.073         
 0194   495  17.523   1.616         
 0195   495  17.998   1.694         
 0196   495  17.525   1.283         
 0197   495  14.800   0.751         
 0198   495  18.321   1.521         
 0199   495  15.861   1.263         
 0200   495  14.853   1.170         
 0201   495  10.918   1.455         
 0202   495  18.016   1.281         
 0203   495  13.093   0.427         
 0204   495  15.058   0.935         
 0205   495  15.355   0.972         
 0206   495  12.175   0.456         
 0207   495  18.010   1.358         
 0208   495  16.306   0.788         
 0209   495  17.670   1.391         
 0210   495  16.959   1.304         
 0211   495  17.113   1.219         
 0212   495  15.875   0.884         
 0213   495  17.425   1.245         
 0214   495  14.279   0.720         
 0215   495  13.678   1.028         
 0216   495  16.523   1.001         
 0217   495  15.609   1.186         
 0218   495  16.814   1.141         
 0219   495  18.262   1.667         
 0220   495  16.565   1.047         
 0221   495  15.350   0.884         
 0222   495  13.601   0.767         
 0223   495  18.374   1.363         
 0224   495  17.905   1.507         
 0225   495  18.599   1.775         
 0226   495  18.023   1.389         
 0227   495  15.924   1.060         
 0228   495  14.608   0.845         
 0229   495  16.918   1.531         
 0230   495  13.829   0.738         
 0231   495  13.538   0.851         
 0232   495  11.126   1.273         
 0233   495  18.529   1.677         
 0234   495  14.079   0.793         
 0235   495  16.151   1.198         
 0236   495  17.022   1.462         
 0237   495  17.619   1.904         
 0238   495  17.431   1.548         
 0239   495  13.999   0.847         
 0240   495  17.549   1.335         
 0241   495  14.762   0.818         
 0242   495  17.592   1.429         
 0243   495  17.381   1.375         
 0244   495  16.148   1.198         
 0245   495  13.620   0.723         
 0246   495  16.210   1.205         
 0247   495  12.898   0.875         
 0248   495  14.672   0.933         
 0249   495  16.986   1.367         
 0250   495  17.497   1.304         
 0251   495  17.985   1.615         
 0252   495  18.080   1.393         
 0253   495  15.542   1.074         
 0254   495  17.625   1.515         
 0255   495  18.363   1.853         
 0256   495  16.142   0.944         
 0257   495  13.486   0.666         
 0258   495  18.528   1.421         
 0259   495  18.259   1.690         
 0260   495  16.488   1.235         
 0261   495  18.307   1.566         
 0262   495  16.510   1.348         
 0263   495  18.106   1.572         
 0264   495  13.390   0.657         
 0265   495  13.742   0.766         
 0266   495  14.968   0.898         
 0267   495  13.966   0.791         
 0268   495  15.109   0.936         
 0269   495  16.916   1.391         
 0270   495  16.506   1.196         
 0271   495  15.052   0.989         
 0272   495  17.339   1.241         
 0273   495  14.159   1.184         
 0274   495  17.668   1.832         
 0275   495  17.558   1.368         
 0276   495  15.285   2.542         
 0277   495  18.511   1.382         
 0278   495  17.082   3.049         
 0279   495  15.570   0.884         
 0280   495  18.191   1.410         
 0281   495  18.191   1.719         
 0282   495  13.931   0.654         
 0283   495  17.185   1.050         
 0284   495  17.768   1.650         
 0285   495  16.798   1.094         
 0286   495  18.142   1.332         
 0287   495  18.503   1.408         
 0288   495  12.354   0.341         
 0289   495  13.069   0.704         
 0290   495  15.482   1.086         
 0291   495  15.894   0.958         
 0292   495  15.371   0.993         
 0293   495  18.417   1.426         
 0294   495  17.828   1.381         
 0295   495  18.165   1.399         
 0296   495  13.572   0.727         
 0297   495  16.772   1.312         
 0298   495  13.682   0.787         
 0299   495  17.272   1.261         
 0300   495  18.323   1.324         
 0301   495  18.287   1.578         
 0302   495  12.774   0.843         
 0303   495  16.786   1.431         
 0304   495  17.634   1.725         
 0305   495  13.987   0.875         
 0306   495  16.046   1.261         
 0307   495  18.374   1.422         
 0308   495  17.834   1.420         
 0309   495  17.677   1.382         
 0310   495  16.326   1.203         
 0311   495  17.481   1.517         
 0312   495  15.458   1.014         
 0313   495  18.024   1.966         
 0314   495  12.883   0.726         
 0315   495  15.376   0.970         
 0316   495  17.582   1.899         
 0317   495  16.565   1.209         
 0318   495  17.416   1.360         
 0319   495  18.395   1.678         
 0320   495  14.383   0.894         
 0321   495  15.097   1.087         
 0322   495  12.409   0.809         
 0323   495  13.932   1.174         
 0324   495  11.954   0.577         
 0325   495  13.283   0.505         
 0326   495  16.708   1.205         
 0327   495  18.238   1.346         
 0328   495  11.107   0.176         
 0329   495  13.868   0.670         
 0330   495  17.142   1.473         
 0331   495  15.464   1.047         
 0332   495  18.460   1.177         
 0333   495  10.642   1.127         
 0334   495  18.027   1.596         
 0335   495  17.386   1.234         
 0336   495  16.505   1.035         
 0337   495  13.607   0.575         
 0338   495  15.100   0.937         
 0339   495  14.891   0.734         
 0340   495  16.728   1.183         
 0341   495  14.886   0.969         
 0342   495  18.529   1.863         
 0343   495  16.315   1.236         
 0344   495  17.497   1.571         
 0345   495  16.817   1.817         
 0346   495  18.393   1.725         
 0347   495  17.601   1.277         
 0348   495  15.787   1.073         
 0349   495  17.395   1.351         
 0350   495  18.313   1.346         
 0351   495  14.054   0.750         
 0352   495  17.203   1.369         
 0353   495  15.951   1.242         
 0354   495  17.828   1.351         
 0355   495  15.222   1.061         
 0356   495  13.297   1.959         
 0357   495  15.834   1.272         
 0358   495  16.512   1.580         
 0359   495  16.725   1.210         
 0360   495  16.994   1.286         
 0361   495  18.106   1.943         
 0362   495  16.214   1.160         
 0363   495  14.098   0.724         
 0364   495  14.775   0.835         
 0365   495  16.366   0.940         
 0366   495  12.171   0.397         
 0367   495  14.807   0.941         
 0368   495  18.195   1.541         
 0369   495  17.254   1.214         
 0370   495  14.139   0.744         
 0371   495  14.940   0.896         
 0372   495  18.459   1.564         
 0373   495  14.111   0.682         
 0374   495  18.211   1.481         
 0375   495  12.510   0.577         
 0376   495  15.414   1.087         
 0377   495  14.908   1.026         
 0378   495  11.657   1.022         
 0379   495  18.761   1.427         
 0380   495  17.816   2.250         
 0381   495  16.462   1.068         
 0382   495  16.160   1.279         
 0383   495  14.103   0.896         
 0384   495  14.943   0.813         
 0385   495  14.355   0.849         
 0386   495  16.454   0.953         
 0387   495  18.541   1.200         
 0388   495  13.961   0.682         
 0389   495  12.565   0.681         
 0390   495  13.553   0.939         
 0391   495  16.862   1.584         
 0392   495  12.965   0.547         
 0393   495  18.124   1.538         
 0394   495  15.860   0.936         
 0395   495  17.609   1.615         
 0396   495  18.770   1.349         
 0397   495  17.860   1.825         
 0398   495  16.853   1.104         
 0399   495  12.411   0.633         
 0400   495  11.698   0.607         
 0401   495  15.854   1.091         
 0402   495  17.368   1.306         
 0403   495  13.993   0.624         
 0404   495  12.418   0.706         
 0405   495  18.327   1.378         
 0406   495  15.341   1.010         
 0407   495  15.951   1.184         
 0408   495  15.193   0.899         
 0409   495  18.076   1.535         
 0410   495  13.341   0.665         
 0411   495  16.954   1.379         
 0412   495  18.257   1.424         
 0413   495  18.149   1.966         
 0414   495  13.856   0.767         
 0415   495  17.508   1.489         
 0416   495  11.837   0.668         
 0417   495  14.128   0.793         
 0418   495  17.695   2.268         
 0419   495  18.669   1.534         
 0420   495  16.235   1.427         
 0421   495  14.545   0.756         
 0422   495  17.436   1.397         
 0423   495  12.142   0.594         
 0424   495  13.856   0.575         
 0425   495  16.701   1.187         
 0426   495  17.399   1.416         
 0427   495  18.122   1.338         
 0428   495  17.897   1.417         
 0429   495  14.658   0.942         
 0430   495  13.704   0.672         
 0431   495  17.728   1.217         
 0432   495  14.928   0.899         
 0433   495  14.462   0.659         
 0434   495  17.577   1.215         
 0435   495  13.781   0.635         
 0436   495  18.348   1.266         
 0437   495  14.816   0.784         
 0438   495  12.723   0.675         
 0439   495  17.130   1.304         
 0440   495  18.658   1.790         
 0441   495  14.394   0.927         
 0442   495  15.836   1.080         
 0443   495  16.752   1.143         
 0444   495  16.396   0.956         
 0445   495  17.233   1.341         
 0446   495  15.399   0.852         
 0447   495  13.426   0.679         
 0448   495  15.964   1.170         
 0449   495  15.002   1.281         
 0450   495  17.771   1.436         
 0451   495  15.992   1.112         
 0452   495  18.177   1.273         
 0453   495  13.509   0.612         
 0454   495  17.862   1.243         
 0455   495  18.420   1.527         
 0456   495  16.212   1.155         
 0457   495  15.166   0.898         
 0458   495  18.377   1.782         
 0459   495  18.290   1.646         
 0460   495  12.676   0.637         
 0461   495  14.086   0.791         
 0462   495  18.082   0.858         
 0463   495  14.009   0.813         
 0464   495  14.803   1.033         
 0465   495  16.458   1.401         
 0466   495  10.234   1.910         
 0467   495  17.843   1.653         
 0468   495  17.449   1.123         
 0469   495  14.555   0.679         
 0470   495  17.157   1.226         
 0471   495  16.961   1.483         
 0472   495  18.152   1.932         
 0473   495  15.367   1.003         
 0474   495  14.000   0.826         
 0475   495  17.821   1.414         
 0476   495  17.533   1.374         
 0477   495  17.923   2.098         
 0478   495  17.730   1.487         
 0479   495  17.321   1.581         
 0480   495  17.081   1.288         
 0481   495   8.731   0.039         
 0482   495  18.167   1.790         
 0483   495  16.707   1.142         
 0484   495  14.676   0.887         
 0485   495  15.763   1.119         
 0486   495  13.167   0.703         
 0487   495  14.926   0.851         
 0488   495  17.398   1.562         
 0489   495  18.381   1.629         
 0490   495  13.029   0.511         
 0491   495  13.337   0.558         
 0492   495  14.848   0.970         
 0493   495  10.677   0.969         
 0494   495  17.007   1.280         
 0495   495  17.771   1.614         
 0496   495  16.269   0.753         
 0497   495  15.974   1.161         
 0498   495  16.979   1.433         
 0499   495  11.588   0.429         
 0500   495  13.502   0.697         
 0501   495  16.498   1.228         
 0502   495  15.856   1.007         
 0503   495  11.674   0.245         
 0504   495  18.328   1.642         
 0505   495  16.041   1.219         
 0506   495  16.993   1.180         
 0507   495  17.864   1.299         
 0508   495  17.846   1.508         
 0509   495  18.843   1.785         
 0510   495  17.465   1.341         
 0511   495  16.096   1.309         
 0512   495  15.876   1.118         
 0513   495  17.559   1.602         
 0514   495  17.915   1.965         
 0515   495  17.657   1.451         
 0516   495  17.285   1.570         
 0517   495  18.475   1.501         
 0518   495  17.954   1.853         
 0519   495  16.869   1.292         
 0520   495  13.526   0.950         
 0521   495  16.333   1.260         
 0522   495  14.337   0.754         
 0523   495  16.875   1.248         
 0524   495  17.944   1.582         
 0525   495  15.902   1.009         
 0526   495  15.395   1.056         
 0527   495  11.329   0.512         
 0528   495  17.578   1.427         
 0529   495  10.684   1.846         
 0530   495  12.878   0.407         
 0531   495  14.153   0.935         
 0532   495  17.830   1.972         
 0533   495  17.163   1.397         
 0534   495  14.043   0.839         
 0535   495  13.642   0.749         
 0536   495  17.000   1.240         
 0537   495  17.708   1.493         
 0538   495  16.828   1.527         
 0539   495  15.313   0.837         
 0540   495  18.038   1.516         
 0541   495  18.089   1.646         
 0542   495  18.450   1.359         
 0543   495  12.133   0.424         
 0544   495  14.826   0.783         
 0545   495  16.545   2.030         
 0546   495  17.901   1.245         
 0547   495  18.246   1.922         
 0548   495  16.931   1.388         
 0549   495  17.159   1.149         
 0550   495  11.574   0.611         
 0551   495  14.945   0.739         
 0552   495  15.015   0.905         
 0553   495  17.676   1.383         
 0554   495  17.691   1.532         
 0555   495  13.879   0.978         
 0556   495  15.332   0.934         
 0557   495  11.521   0.677         
 0558   495  16.076   1.397         
 0559   495  14.141   0.762         
 0560   495  14.679   0.826         
 0561   495  17.368   1.373         
 0562   495  14.888   0.958         
 0563   495  17.309   1.030         
 0564   495  16.314   1.183         
 0565   495  17.249   1.410         
 0566   495  10.828   1.715         
 0567   495  15.690   0.890         
 0568   495  16.807   1.334         
 0569   495  18.384   1.550         
 0570   495  14.734   0.775         
 0571   495  13.893   0.822         
 0572   495  14.212   0.886         
 0573   495  18.705   1.655         
 0574   495  14.650   0.773         
 0575   495  17.074   1.518         
 0576   495  17.784   1.494         
 0577   495  14.319   0.829         
 0578   495  17.595   1.658         
 0579   495  17.841   1.539         
 0580   495  15.344   1.089         
 0581   495  18.527   1.678         
 0582   495  16.171   1.015         
 0583   495  13.434   0.559         
 0584   495  16.493   1.037         
 0585   495  17.047   1.325         
 0586   495  17.409   1.695         
 0587   495  14.487   0.664         
 0588   495  13.093   1.018         
 0589   495  17.394   1.306         
 0590   495  16.716   1.424         
 0591   495  18.383   1.648         
 0592   495  16.753   1.279         
 0593   495  17.961   1.382         
 0594   495  12.766   0.673         
 0595   495  16.926   1.380         
 0596   495  15.470   1.280         
 0597   495  15.660   1.179         
 0598   495  16.016   1.218         
 0599   495  18.230   1.627         
 0600   495  11.530   0.127         
 0601   495  16.189   1.017         
 0602   495  13.613   0.713         
 0603   495  18.175   1.509         
 0604   495  17.558   1.849         
 0605   495  16.032   1.226         
 0606   495  17.504   1.302         
 0607   495  17.532   1.538         
 0608   495  13.034   0.804         
 0609   495  11.112   1.019         
 0610   495  17.475   1.382         
 0611   495  17.877   1.427         
 0612   495  17.859   1.575         
 0613   495  16.528   1.203         
 0614   495  16.861   1.448         
 0615   495  18.167   0.219         
 0616   495  12.373   0.416         
 0617   495  15.481   0.894         
 0618   495  15.138   0.869         
 0619   495  13.759   1.044         
 0620   495  13.263   0.659         
 0621   495  15.387   1.119         
 0622   495  18.138   1.518         
 0623   495  12.344   0.555         
 0624   495  16.969   1.337         
 0625   495  16.739   1.070         
 0626   495  13.964   1.237         
 0627   495  17.930   1.535         
 0628   495   9.472   0.540         
 0629   495  16.516   0.818         
 0630   495  16.157   1.309         
 0631   495  15.063   0.834         
 0632   495  15.080   0.778         
 0633   495  12.489   0.525         
 0634   495  14.766   2.159         
 0635   495  14.569   0.890         
 0636   495  16.945   1.170         
 0637   495  13.662   0.585         
 0638   495  15.695   0.840         
 0639   495  18.414   1.709         
 0640   495  14.037   0.713         
 0641   495  18.551   1.843         
 0642   495  17.490   1.535         
 0643   495  16.347   1.388         
 0644   495  16.560   1.411         
 0645   495  16.756   1.465         
 0646   495  18.541   1.295         
 0647   495  16.605   1.484         
 0648   495  17.417   1.335         
 0649   495  18.170   0.081         
 0650   495  16.287   1.056         
 0651   495  16.405   1.477         
 0652   495  17.728   2.013         
 0653   495  17.185   1.316         
 0654   495  17.625   1.359         
 0655   495  14.688   0.646         
 0656   495  13.485   0.546         
 0657   495  14.413   0.632         
 0658   495  15.419   1.115         
 0659   495  15.349   1.192         
 0660   495  16.581   1.425         
 0661   495  18.037   2.080         
 0662   495  13.386   1.248         
 0663   495  17.592   1.055         
 0664   495  14.886   0.811         
 0665   495  18.137   1.635         
 0666   495  13.755   0.580         
 0667   495  17.539   1.395         
 0668   495  17.390   1.375         
 0669   495  10.509   0.083         
 0670   495  15.341   1.304         
 0671   495  15.683   1.189         
 0672   495  14.982   0.886         
 0673   495  17.469   1.546         
 0674   495  15.678   1.193         
 0675   495  16.841   1.354         
 0676   495  15.015   0.998         
 0677   495  16.844   1.369         
 0678   495  18.208   1.805         
 0679   495  14.160   0.739         
 0680   495  17.041   1.433         
 0681   495  18.140   1.368         
 0682   495  16.688   1.122         
 0683   495  15.597   1.097         
 0684   495  13.379   0.899         
 0685   495  16.599   1.218         
 0686   495  18.025   1.706         
 0687   495  18.009   1.538         
 0688   495  17.642   1.359         
 0689   495  17.727   1.960         
 0690   495  15.008   1.165         
 0691   495  14.986   0.940         
 0692   495  16.825   1.386         
 0693   495  12.757   0.671         
 0694   495  16.847   1.172         
 0695   495  15.616   0.913         
 0696   495  18.332   1.615         
 0697   495  11.755   0.769         
 0698   495  16.548   1.074         
 0699   495  17.766   2.117         
 0700   495  16.916   1.282         
 0701   495  16.062   1.172         
 0702   495  14.294   0.849         
 0703   495  14.403   0.765         
 0704   495  14.239   0.777         
 0705   495  17.248   1.288         
 0706   495  15.254   1.029         
 0707   495  18.637   1.376         
 0708   495  17.129   1.249         
 0709   495  13.960   0.547         
 0710   495  17.253   1.152         
 0711   495  18.325   1.259         
 0712   495  17.145   1.188         
 0713   495  15.127   0.907         
 0714   495  17.618   1.195         
 0715   495  15.095   0.730         
 0716   495   9.470   0.995         
 0717   495  16.002   1.072         
 0718   495  16.165   1.040         
 0719   495  17.841   1.293         
 0720   495  18.565   1.422         
 0721   495  17.303   2.705         
 0722   495  18.555   1.147         
 0723   495  17.691   1.379         
 0724   495  16.115   0.998         
 0725   495  17.953   1.619         
 0726   495  18.659   1.680         
 0727   495  13.909   0.743         
 0728   495  18.213   1.585         
 0729   495  18.289   1.358         
 0730   495  18.342   1.458         
 0731   495  15.214   3.061         
 0732   495  16.838   1.538         
 0733   495  18.074   1.505         
 0734   495  16.772   1.166         
 0735   495  18.186   1.834         
 0736   495  18.295   1.289         
 0737   495  18.050   1.277         
 0738   495  14.448   0.704         
 0739   495  15.770   1.070         
 0740   495  18.062   1.944         
 0741   495  11.821   0.082         
 0742   495  17.290   1.155         
 0743   495  14.560   0.892         
 0744   495  17.491   1.262         
 0745   495  15.061   0.898         
 0746   495  17.657   1.294         
 0747   495  18.048   1.381         
 0748   495  17.799   1.274         
 0749   495  15.399   1.100         
 0750   495  15.587   0.875         
 0751   495  17.096   1.150         
 0752   495  11.528   0.478         
 0753   495  11.125   0.419         
 0754   495  12.480   0.587         
 0755   495  17.046   1.524         
 0756   495  13.647   0.585         
 0757   495  10.576   0.367         
 0758   495  17.399   1.433         
 0759   495  11.881   0.344         
 0760   495  17.246   1.430         
 0761   495  15.015   1.018         
 0762   495  17.433   1.490         
 0763   495  14.731   2.071         
 0764   495  16.721   1.336         
 0765   495  14.081   0.623         
 0766   495  15.011   1.105         
 0767   495  15.617   2.275         
 0768   495  16.808   1.205         
 0769   495  15.548   0.859         
 0770   495  15.506   0.813         
 0771   495  17.163   2.466         
 0772   495  13.066   1.432         
 0773   495  10.542   0.900         
 0774   495  17.616   1.354         
 0775   495  15.486   1.344         
 0776   495  15.473   0.768         
 0777   495  18.814   1.490         
 0778   495  14.875   1.059         
 0779   495  14.653   0.839         
 0780   495  18.004   1.691         
 0781   495  12.914   1.860         
 0782   495  14.985   1.052         
 0783   495  15.420   1.199         
 0784   495  17.357   1.699         
 0785   495  18.105   1.365         
 0786   495  15.278   0.928         
 0787   495  16.404   1.245         
 0788   495  17.690   1.429         
 0789   495  15.379   0.882         
 0790   495  16.312   1.108         
 0791   495  18.538   0.749         
 0792   495  17.670   1.170         
 0793   495  14.304   0.686         
 0794   495  15.671   0.930         
 0795   495  10.478   0.084         
 0796   495  18.182   1.399         
 0797   495  13.750   0.696         
 0798   495  17.454   1.219         
 0799   495  18.048   1.390         
 0800   495  17.049   1.406         
 0801   495  17.116   1.565         
 0802   495  16.646   1.093         
 0803   495  13.961   0.674         
 0804   495  16.206   1.135         
 0805   495  18.293   1.313         
 0806   495  14.621   0.782         
 0807   495  18.169   1.520         
 0808   495  18.568   1.136         
 0809   495  10.780   1.047         
 0810   495  14.187   0.711         
 0811   495  15.619   0.916         
 0812   495  16.485   1.031         
 0813   495  15.849   0.992         
 0814   495  17.608   1.355         
 0815   495  16.031   1.243         
 0816   495  17.181   1.679         
 0817   495  15.330   1.023         
 0818   495  16.176   0.979         
 0819   495  16.438   1.027         
 0820   495  14.478   0.806         
 0821   495  14.685   2.960         
 0822   495  16.439   2.199         
 0823   495  16.975   1.162         
 0824   495  17.231   1.619         
 0825   495  15.812   1.375         
 0826   495  18.355   1.748         

