 No    Ref    V       B-V     U-B

 0001   158   8.880   0.880  -0.110
 0002   158   8.910   0.750  -0.240
 0003   158   8.990   0.820  -0.180
 0004   158  10.220   0.740  -0.200
 0005   158   9.360   0.770  -0.220
 0006   158   9.250   0.900  -0.280
 0007   158  12.150   0.880   0.030
 0008   158  12.240   0.700  -0.070
 0009   158  11.810   0.770  -0.080
 0010   158   8.580   0.410   0.060
 0011   158  13.200   0.900   0.160
 0012   158  12.910   0.830   0.090
 0013   158  13.480   0.930   0.380
 0014   158  11.880   0.440  -0.020
 0015   158  14.260   0.910   0.420
 0016   158  14.530   1.000   0.560
 0017   158  14.780   1.200   0.680
 0018   158  14.690   1.010   0.250
 0019   158  14.790   1.000   0.220
 0020   158  14.590   0.760   0.760
 0021   158  14.600   1.140   0.380
 0022   158  12.210   0.770   0.040
 0023   158  13.870   1.020   0.600
 0024   158  13.550   0.950   0.750
 0025   158  10.570   0.310   0.010
 0026   158  13.280   0.900   0.300
 0027   158  11.400   0.850         
 0028   158  12.590   0.810  -0.010
 0030   158  12.910   0.820   0.090
 0033   158  12.690   0.700   0.120
 0034   158  13.010   1.390   0.220
 0037   158  12.020   0.670   0.040
 0038   158  13.780   0.770   0.240
 0039   158  13.700   0.880   0.180
 0040   158  12.700   0.410   0.190
 0041   158  14.540   1.120   0.490
 0042   158  14.220   0.940   0.330
 0043   158  14.490   0.660   0.230
 0044   158  12.930   1.670   1.460
 0045   158  13.810   0.890   0.580
 0046   158  11.500   0.550   0.080
 0047   158  12.990   0.700   0.510
 0048   158  11.320   0.640  -0.300
 0049   158  12.830   1.030   0.560
 0050   158  13.630   1.120   0.600
 0051   158  13.230   0.940   0.370
 0052   158  12.510   1.070   0.770
 0053   158  13.340   0.660   0.140
 0054   158  14.120   1.180   0.700
 0055   158  12.430   0.490   0.040
 0056   158  14.100   0.820   0.280
 0057   158  11.860   1.050   0.790
 0058   158  13.660   1.100   0.330
 0059   158  13.960   0.920   0.480
 0060   158  13.230   1.740   1.640
 0061   158  13.760   0.880   0.430
 0062   158  14.570   0.950   0.500
 0063   158  10.570   0.180  -0.310
 0064   158  10.130   0.140  -0.340
 0065   158  12.910   0.470   0.070
 0066   158  11.950   0.380   0.110
 0069   158  13.090   0.610   0.140
 0070   158  12.150   0.410   0.090
 0072   158  12.830   0.670   0.120
 0073   158  12.770   0.720   0.140
 0074   158  11.020   0.360   0.020
 0076   158  12.750   0.590   0.070
 0077   158  12.840   1.140   0.930
 0078   158  12.870   0.650   0.140
 0080   158  12.650   1.100   0.230
 0101   158  11.690   0.280   0.210
 0103   158  13.550   1.320   0.370
 0105   158  13.030   0.660   0.090
 0106   158  13.160   0.600   0.050
 0107   158  13.170   1.750   1.540
 0110   158  12.040   1.190   0.880
 0111   158   9.400   0.500  -0.370
 0112   158  12.130   0.570  -0.130
 0113   158  12.780   0.840   0.670
 0119   158  11.800   0.500  -0.070
 0126   158  11.140   0.260  -0.030
 0170   158  11.770   0.320   0.260
 0172   158  12.570   1.190   0.410
 0176   158  14.220   0.920   0.560
 0177   158  14.390   1.000   0.730
 0178   158  14.250   0.800   0.320
 0179   158  14.480   0.840   0.130
 0181   158  14.300   0.740   0.340
 0182   158  13.730   0.600   0.070
 0184   158  14.170   1.040   0.610
 0185   158  13.740   0.620   0.060
 0187   158  14.600   0.760   0.120
 0189   158  15.000   0.900  -0.030
 0191   158  15.260   0.840   0.950
 0193   158  14.580   0.940   0.380
 0194   158  14.460   0.880   0.450
 0195   158  14.820   0.940   0.450
 0196   158  14.720   0.860   0.450
 0197   158  14.650   0.740   0.190
 0198   158  14.780   0.860   0.440
 0200   158  14.810   1.050   1.200
 0201   158  14.900   0.910   0.500
 0202   158  14.850   0.940   0.400
 0203   158  14.930   0.760   0.340
 0206   158  15.000   0.970   0.570
 0207   158  15.250   0.760   0.740
 0270   158  13.180   0.570   0.040
 0273   158  13.470   0.770   0.240
 0274   158  13.630   0.660   0.320
 0278   158  13.460   0.880   0.450
 0282   158  13.330   0.820   0.270
 0283   158  14.070   0.680  -0.060
 0284   158  13.520   0.860   0.460
 0288   158  13.200   0.790         
 0289   158  13.840   0.750   0.060
 0290   158  13.780   0.650   0.040
 0293   158  13.560   0.640   0.060
 0295   158  13.120   0.640   0.070
 0296   158  13.800   0.770   0.310
 0301   158  13.280   0.660   0.030
 0302   158  13.730   0.810   0.040
 0303   158  13.610   0.710   0.130
 0352   158  14.420   0.690   0.130
 0367   158  14.790   1.060   0.380
 0371   158  14.320   1.070   0.230
 0372   158  14.100   1.010   0.670
 0380   158  14.920   1.150   0.470
 0381   158  15.360   1.020   0.220
 0384   158  14.240   0.710   0.230
 0385   158  14.390   0.650   0.290
 0390   158  14.850   1.040   0.480
 0398   158  14.980   1.060   0.280
 0399   158  15.280   1.020   0.450
 0402   158  14.250   1.070   0.410
 0404   158  14.750   0.830   0.550
 0411   158  14.220   0.890   0.650
 0412   158  14.990   0.840   0.170
 0418   158  14.990   0.730   0.270
 0419   158  15.140   1.560   0.060
 0420   158  15.300   0.930   0.490
 0426   158  14.450   0.830   0.220
 0433   158  14.850   0.970   1.340
 0435   158  14.800   1.260   0.420
 0439   158  14.540   0.620   0.070
 0445   158  15.120   1.170   0.500
 0450   158  15.330   0.870   0.480
 0462   158  13.740   0.720   0.240
 0463   158  15.530   0.780   0.970
 0465   158  15.000   0.930  -0.090
 0467   158  14.430   0.850   0.440
 0468   158  14.570   0.910   0.060
 0494   158  14.680   0.790   0.570
 0495   158  14.560   0.780   0.100
 0497   158  14.770   0.620   0.840
 0498   158  14.430   0.990   1.010
 0519   158  14.630   0.900   0.400
 0520   158  14.360   0.790   0.080
 0522   158  15.270   0.940   0.290
 0523   158  13.860   0.690   0.400
 0527   158  14.770   0.850   0.370
 0528   158  15.110   0.920   0.290
 0531   158  15.150   1.050   0.410
 0533   158  15.120   0.910   0.470
 0534   158  14.880   1.310   0.490
 0537   158  14.680   0.730   0.460
 0538   158  15.530   0.940  -0.020
 0539   158  14.990   1.150   0.790
 0540   158  15.810   0.300   1.080
 0563   158  14.350   1.160   0.950
 0565   158  14.670   0.860   0.390
 0566   158  14.300   1.010   0.360
 0567   158  14.950   0.930   0.260
 0568   158  14.700   0.710   0.180
 0569   158  14.710   1.080   0.390
 0572   158  15.350   0.720   0.510
 0612   158  15.230   0.970   0.410
 0659   158  12.450   0.630   0.130
 0660   158  14.750   0.930   0.550
 0661   158  14.540   0.890   0.300
 0662   158  15.470   1.460  -0.220
 0663   158  15.240   1.230         
 0664   158  14.400   0.750   0.160
 0665   158  14.860   0.840   0.140
 0666   158  15.360   0.920   0.820
 0667   158  11.340   0.420   0.090
 0668   158  12.350   0.490   0.030
 0669   158  13.050   0.590   0.110
 0670   158  14.000   0.890   0.580
 0671   158  12.740   0.500  -0.030
 0672   158  16.500   0.090  -0.430
 0673   158  12.470   0.380   0.300
 0674   158  12.670   0.570         
 0675   158  14.380   0.850   0.590
 0676   158  15.110   0.910   1.170
 0677   158   9.910   0.290   0.120
 0678   158  14.920   1.010   0.710
 0679   158  14.210   0.750   0.200
 0680   158  12.010   1.110   0.150
 0682   158  12.810   0.730   0.200
 0684   158  15.740   0.670   1.200
 0685   158  13.800   0.670   0.500
 0686   158  10.850   0.350   0.200
 0687   158  11.470   1.860   2.040
 0688   158  10.600   0.610   0.060
 0689   158  13.800   0.730   0.670
 0690   158  13.670   0.950   0.440
 0691   158  13.780   0.810   0.250
 0692   158  12.160   0.480  -0.110
 1199   158  12.120   0.270   0.220


