  No    Ref    V       B-V     U-B

 0001   558  13.370   0.608  -0.006
 0002   558  14.664   0.572  -0.015
 0003   558  15.068   0.762   0.240
 0004   558  12.672   0.297   0.073
 0006   558  14.496   1.158   0.950
 0007   558  14.158   0.505  -0.028
 0008   558  14.161   0.410   0.042
 0009   558  11.992   0.257   0.160
 0010   558  14.175   0.589   0.104
 0011   558  15.216   0.662   0.089
 0012   558  15.135   0.637  -0.030
 0013   558  15.031   0.585   0.032
 0014   558  13.576   1.202   1.066
 0015   558  14.940   0.602  -0.094
 0016   558  12.158   0.275   0.117
 0017   558  13.860   0.774   0.290
 0018   558  12.101   0.299   0.015
 0019   558  15.323   0.650   0.044
 0020   558  14.108   0.618   0.005
 0021   558  15.281   0.801   0.288
 0022   558  13.082   0.822   0.299
 0023   558  14.054   0.810   0.309
 0024   558  11.235   1.020   0.451
 0025   558  14.821   1.277   1.259
 0026   558  11.400   0.291   0.113
 0027   558  15.007   0.634  -0.001
 0028   558  14.990   0.644  -0.125
 0029   558  13.521   0.614   0.038
 0030   558  14.030   0.480  -0.068
 0031   558  13.290   0.404  -0.031
 0032   558  11.306   0.958   0.665
 0035   558  13.818   0.534   0.019
 0036   558  13.189   0.442   0.014
 0038   558  13.204   1.114   0.995
 0039   558  11.512   0.304   0.148
 0040   558  13.924   0.459   0.006
 0042   558  12.486   0.324   0.103
 0043   558  12.742   0.366   0.098
 0044   558  12.003   0.265   0.135
 0045   558  12.720   0.320   0.136
 0046   558  12.925   0.420   0.047
 0047   558  13.600   0.505   0.022
 0048   558  14.996   0.758   0.267
 0049   558  12.411   0.273   0.103
 0050   558  15.175   0.817   0.448
 0051   558  13.297   0.381   0.079
 0052   558  15.275   0.781   0.448
 0053   558  12.571   0.299   0.104
 0054   558  12.255   0.365   0.061
 0055   558  15.069   0.643   0.128
 0056   558  12.286   0.356   0.070
 0057   558  13.831   0.465  -0.007
 0058   558  13.863   1.053   0.776
 0059   558  14.455   0.633   0.138
 0060   558  13.721   0.508   0.030
 0061   558  14.504   0.536   0.009
 0062   558  12.741   0.328   0.127
 0063   558  15.259   1.108   1.105
 0064   558  14.785   1.100   0.905
 0065   558  13.536   0.415  -0.019
 0066   558  15.207   0.750   0.247
 0067   558  15.202   0.613   0.024
 0068   558  11.499   0.260   0.159
 0069   558  13.513   0.733   0.233
 0070   558  10.869   0.350   0.151
 0072   558  13.794   0.452         
 0074   558  12.423   0.582  -0.007
 0075   558  14.915   1.074   0.714
 0076   558  14.587   1.098   0.849
 0077   558  13.738   0.443  -0.058
 0078   558  13.513   0.433  -0.037
 0080   558  14.582   0.798   0.358
 0081   558  13.446   0.403  -0.034
 0082   558  13.091   1.153   0.985
 0084   558  14.304   0.560  -0.050
 0085   558  13.073   0.398  -0.112
 0087   558  12.600   0.605   0.101
 0088   558  14.008   0.589   0.001
 0089   558  14.762   0.772   0.223
 0090   558  14.473   0.886   0.390
 0091   558  13.566   1.247   1.202
 0092   558  12.273   0.319   0.033
 0093   558  14.878   0.631   0.083
 0094   558  14.776   1.176   1.004
 0095   558  14.480   1.067   0.932
 0096   558  14.351   0.538  -0.065
 0097   558  15.450   0.975   0.633
 0098   558  14.685   0.583   0.010
 0100   558  13.833   1.057   0.692
 0101   558  10.703   1.032   0.830
 0102   558  12.898   0.876   0.435
 0103   558  14.134   1.280   1.333
 0104   558  14.668   0.683   0.143
 0105   558  12.392   0.338   0.172
 0106   558  11.375   0.395   0.110
 0107   558  13.083   0.507   0.093
 0108   558  14.226   0.566   0.100
 0109   558  14.939   0.830   0.461
 0110   558  14.316   0.572   0.073
 0111   558  13.476   1.486   1.676
 0112   558  12.818   0.503   0.010
 0113   558  11.464   0.295   0.124
 0114   558  12.159   0.260   0.120
 0116   558  14.744   1.104   1.095
 0118   558  12.351   0.665   0.246
 0119   558  13.439   0.524         
 0121   558  14.759   0.622   0.143
 0122   558  15.137   1.129   0.805
 0123   558  13.938   1.178   1.027
 0125   558  13.720   0.453  -0.033
 0126   558  13.700   0.461  -0.011
 0127   558  12.770   0.390   0.153
 0130   558  13.440   0.414  -0.064
 0131   558  14.622   0.782   0.252
 0132   558  14.380   0.980   0.529
 0133   558  11.350   0.949   0.589
 0134   558  14.125   0.677   0.188
 0135   558  13.896   0.539   0.044
 0136   558  14.056   0.482  -0.036
 0137   558  15.036   1.366   1.377
 0139   558  13.387   0.392   0.001
 0140   558  14.761   0.741   0.299
 0141   558  14.340   0.543   0.027
 0142   558  13.385   0.722   0.361
 0143   558  14.675   1.056   1.034
 0144   558  13.124   0.346   0.038
 0145   558  13.437   0.482   0.038
 0146   558  12.507   0.474   0.071
 0147   558  12.111   0.241   0.184
 0148   558  14.209   0.419   0.157
 0149   558  15.208   1.069   0.873
 0151   558  13.492   0.430   0.014
 0152   558  13.963   1.087   0.853
 0153   558  14.085   0.485   0.003
 0154   558  14.606   0.583   0.047
 0155   558  14.187   0.491   0.001
 0156   558  15.360   1.391   1.531
 0157   558  14.054   0.591   0.065
 0160   558  12.315   0.336   0.100
 0161   558  13.998   0.483   0.001
 0162   558  14.253   0.674   0.183
 0163   558  13.764   0.450  -0.013
 0164   558  14.004   0.817   0.459
 0165   558  14.465   0.791   0.421
 0178   558  12.604   0.326   0.070
 0192   558  14.642   0.504  -0.065
 0193   558  13.175   0.612   0.051
 0194   558  12.773   0.585   0.074
 0195   558  15.168   0.659   0.079
 0196   558  14.238   0.736   0.246
 0197   558  14.941   1.140   0.862
 0198   558  14.518   0.932   0.536
 0211   558  11.536   0.333   0.139
 0212   558  13.145   0.423   0.059
 0213   558  14.242   0.769   0.424
 0214   558  13.910   1.053   0.780
 0215   558  13.406   0.390   0.026
 0218   558  12.082   0.240   0.147
 0220   558  15.319   0.969   0.602
 1000   558  17.971   0.666  -0.048
 1001   558  18.675   0.911   0.274
 1002   558  16.214   1.067   0.907
 1003   558  17.521   0.730   0.148
 1004   558  17.715   0.831   0.392
 1005   558  17.874   0.657   0.087
 1006   558  16.878   0.986   0.507
 1007   558  17.833   0.711   0.174
 1008   558  17.660   0.739   0.205
 1009   558  17.740   0.744   0.133
 1010   558  18.486   0.747   0.149
 1011   558  18.963   0.685   0.046
 1012   558  17.752   0.450   0.112
 1013   558  19.260   0.777   0.185
 1014   558  19.026   0.682   0.301
 1015   558  15.714   0.641   0.079
 1016   558  16.061   0.796   0.337
 1017   558  17.342   0.980   0.619
 1018   558  18.816   0.909   0.583
 1019   558  18.329   0.868   0.327
 1020   558  18.341   0.868   0.517
 1021   558  18.476   0.730   0.283
 1022   558  18.466   1.076   1.004
 1023   558  18.426   0.714  -0.079
 1024   558  15.838   0.697   0.135
 1025   558  17.794   0.897   0.346
 1026   558  16.726   1.028   0.682
 1027   558  17.924   0.681   0.033
 1028   558  15.279   0.753   0.297
 1029   558  17.803   0.909   0.456
 1030   558  18.527   0.763   0.168
 1031   558  18.847   0.823  -0.126
 1032   558  16.816   1.008   0.730
 1033   558  18.661   0.823   0.198
 1034   558  18.056   0.667   0.055
 1035   558  18.775   0.860   0.412
 1036   558  16.420   0.798   0.310
 1037   558  16.224   0.885   0.470
 1038   558  16.848   0.597   0.033
 1039   558  15.656   0.619   0.039
 1040   558  16.426   0.674   0.143
 1041   558  18.674   0.723   0.175
 1042   558  15.314   0.654   0.090
 1043   558  16.124   0.674   0.051
 1044   558  19.023   0.675   0.067
 1045   558  17.204   0.745   0.129
 1046   558  18.970   0.760   0.329
 1047   558  15.048   0.833   0.484
 1048   558  19.253   0.838   0.670
 1049   558  19.412   0.691   0.181
 1050   558  18.186   0.961   0.583
 1051   558  17.397   1.276   1.070
 1052   558  17.851   0.592   0.008
 1053   558  18.347   0.781   0.316
 1054   558  17.919   0.904   0.489
 1055   558  18.231   0.813   0.266
 1056   558  18.739   0.665  -0.082
 1057   558  18.211   0.678   0.098
 1058   558  15.439   1.068   0.959
 1059   558  18.110   0.881   0.418
 1060   558  15.289   1.231   1.139
 1061   558  18.671   0.684   0.133
 1062   558  19.004   0.728   0.287
 1063   558  18.325   0.717   0.156
 1064   558  17.583   0.865   0.251
 1065   558  17.999   0.817   0.364
 1066   558  15.454   1.151   1.051
 1067   558  17.604   0.725   0.189
 1068   558  16.365   0.777   0.196
 1069   558  15.539   0.789   0.339
 1070   558  16.339   0.894   0.502
 1071   558  18.820   0.923   0.656
 1072   558  15.998   0.682   0.058
 1073   558  15.310   0.688   0.138
 1074   558  18.139   0.646   0.083
 1075   558  17.940   0.913   0.584
 1076   558  18.340   0.666   0.028
 1077   558  18.904   0.872   0.392
 1078   558  17.474   1.391   1.243
 1079   558  15.484   0.795   0.281
 1080   558  16.920   1.058   0.752
 1081   558  16.997   1.145   1.003
 1082   558  17.568   0.720   0.143
 1083   558  19.071   0.878   0.331
 1084   558  17.260   0.927   0.515
 1085   558  17.183   1.089   1.067
 1086   558  19.515   0.841   0.307
 1087   558  17.053   0.694   0.071
 1088   558  17.213   0.619   0.034
 1089   558  15.925   0.823   0.349
 1090   558  16.708   0.776   0.283
 1091   558  18.377   0.805   0.285
 1092   558  18.295   0.656   0.172
 1093   558  17.791   0.924   0.450
 1094   558  18.799   0.840   0.117
 1095   558  15.952   0.817   0.363
 1096   558  17.162   0.731   0.167
 1097   558  18.122   0.946   0.378
 1098   558  16.311   0.604  -0.067
 1099   558  16.619   0.832   0.342
 1100   558  15.304   0.876   0.378
 1101   558  18.456   0.682  -0.011
 1102   558  18.364   0.903   0.498
 1103   558  18.197   0.912   0.538
 1104   558  16.982   1.091   1.077
 1105   558  16.951   0.653   0.041
 1106   558  18.349   0.893   0.524
 1107   558  17.744   0.737   0.063
 1108   558  17.712   0.628   0.015
 1109   558  16.820   0.704   0.105
 1110   558  18.824   0.780   0.123
 1111   558  17.773   0.753   0.125
 1112   558  16.810   0.726   0.199
 1113   558  17.218   1.303   1.430
 1114   558  18.550   0.793   0.398
 1115   558  16.802   1.015   0.565
 1116   558  15.214   0.528   0.009
 1117   558  17.001   0.746   0.319
 1118   558  16.343   0.944   0.645
 1119   558  16.687   0.955   0.635
 1120   558  15.786   0.965   0.558
 1121   558  18.314   0.804   0.283
 1122   558  16.134   0.785   0.290
 1123   558  16.126   0.701   0.159
 1124   558  16.318   0.892   0.582
 1125   558  17.291   0.741   0.128
 1126   558  15.986   0.840   0.369
 1127   558  17.578   0.697  -0.035
 1128   558  15.888   0.544  -0.007
 1129   558  16.041   0.737   0.263
 1130   558  15.985   0.620   0.057
 1131   558  16.202   0.766   0.245
 1132   558  17.253   0.629  -0.042
 1133   558  15.824   0.695   0.200
 1134   558  17.427   0.647   0.137
 1135   558  17.857   1.249   1.120
 1136   558  16.887   0.771   0.245
 1137   558  18.733   0.782  -0.009
 1138   558  19.220   0.715   0.063
 1139   558  16.630   1.256   1.266
 1140   558  17.831   0.825   0.252
 1141   558  18.402   1.441   1.068
 1142   558  18.011   0.895   0.544
 1143   558  17.878   0.898   0.535
 1144   558  15.489   0.541  -0.033
 1145   558  17.946   0.600  -0.051
 1146   558  15.632   1.039   0.683
 1147   558  18.374   0.926   0.505
 1148   558  17.949   1.018   0.822
 1149   558  17.387   1.160   1.169
 1150   558  18.049   0.837   0.381
 1151   558  16.617   1.065   0.899
 1152   558  16.387   0.903   0.505
 1153   558  15.465   0.854   0.446
 1154   558  17.119   0.729   0.106
 1155   558  16.493   0.703   0.094
 1156   558  17.829   0.601  -0.028
 1157   558  18.247   0.800   0.400
 1158   558  18.760   0.805   0.279
 1159   558  16.997   0.787   0.414
 1160   558  18.334   0.607  -0.014
 1161   558  17.392   1.177   1.084
 1162   558  15.378   0.787   0.267
 1163   558  15.769   0.775   0.150
 1164   558  17.068   0.717   0.176
 1165   558  17.401   0.792   0.221
 1166   558  17.413   0.754   0.260
 1167   558  15.439   0.628   0.030
 1168   558  16.286   0.895   0.434
 1169   558  17.522   1.170   1.382
 1170   558  18.465   0.792   0.398
 1171   558  17.418   1.205   1.073
 1172   558  18.215   0.758   0.154
 1173   558  17.733   0.568  -0.143
 1174   558  17.534   0.680         
 1175   558  19.222   0.668  -0.026
 1176   558  15.575   0.825   0.331
 1177   558  19.141   0.761   0.012
 1178   558  18.316   0.803   0.001
 1179   558  17.946   0.786   0.501
 1180   558  17.144   0.826   0.349
 1181   558  18.844   0.631   0.164
 1182   558  17.990   0.616  -0.005
 1183   558  17.722   0.993   0.664
 1184   558  16.177   0.457   0.091
 1185   558  16.694   1.060   0.930
 1186   558  18.413   0.855   0.385
 1187   558  19.291   0.744   0.083
 1188   558  16.242   0.651  -0.030
 1189   558  19.500   0.696   0.356
 1190   558  18.761   0.828   0.272
 1191   558  19.259   0.609   0.051
 1192   558  16.637   0.911   0.490
 1193   558  18.832   0.460  -0.045
 1194   558  19.297   0.799  -0.038
 1195   558  17.932   0.722   0.082
 1196   558  16.206   0.856   0.461
 1197   558  17.699   0.783   0.321
 1198   558  16.027   0.853   0.416
 1199   558  17.723   0.631   0.129
 1200   558  18.826   0.645  -0.048
 1201   558  17.785   0.878   0.624
 1202   558  17.944   0.863   0.693
 1203   558  19.297   0.809   0.489
 1204   558  17.701   0.703   0.119
 1205   558  16.741   0.813   0.418
 1206   558  15.610   0.721   0.275
 1207   558  18.202   0.738   0.242
 1208   558  19.134   0.809  -0.176
 1209   558  17.261   0.764   0.078
 1210   558  16.117   0.735   0.278
 1211   558  16.874   0.936   0.662
 1212   558  16.934   0.680   0.095
 1213   558  18.633   0.551   0.036
 1214   558  17.599   0.966   0.942
 1215   558  17.733   0.754   0.204
 1216   558  18.573   0.664   0.030
 1217   558  16.970   0.800   0.348
 1218   558  18.393   0.802   0.303
 1219   558  16.186   0.620   0.076
 1220   558  19.690   0.703  -0.044
 1221   558  19.005   0.746   0.147
 1222   558  17.706   0.786   0.251
 1223   558  18.067   0.649  -0.048
 1224   558  17.599   1.472   0.968
 1225   558  17.725   0.808   0.390
 1226   558  18.076   0.706  -0.317
 1227   558  18.773   0.852   0.158
 1228   558  17.950   0.821   0.116
 1229   558  17.056   1.088   0.745
 1230   558  17.471   0.920   0.479
 1231   558  18.769   0.694  -0.233
 1232   558  18.396   1.006   0.839
 1233   558  18.420   0.819   0.283
 1234   558  18.937   0.703  -0.334
 1235   558  17.714   0.768   0.126
 1236   558  18.056   1.110   0.657
 1237   558  16.933   0.784   0.126
 1238   558  16.811   0.860   0.117
 1239   558  18.275   0.744   0.156
 1240   558  17.311   0.749   0.056
 1241   558  18.141   1.028   0.294
 1242   558  16.277   0.883   0.288
 1243   558  16.208   1.031   0.820
 1244   558  16.191   1.115   0.885
 1245   558  18.209   0.606  -0.134
 1246   558  18.274   0.684  -0.166
 1247   558  15.648   1.116   0.781
 1248   558  15.909   0.705   0.136
 1249   558  18.844   1.037  -0.257
 1250   558  18.478   0.800   0.292
 1251   558  16.598   0.709   0.164
 1252   558  18.975   0.839   0.420
 1253   558  18.657   0.730   0.071
 1254   558  16.148   0.879   0.510
 1255   558  17.791   1.143   1.012
 1256   558  18.717   0.651  -0.222
 1257   558  18.945   0.656  -0.106
 1258   558  15.645   0.786   0.225
 1259   558  18.571   0.987   0.824
 1260   558  17.773   0.868   0.373
 1261   558  18.846   0.583   0.015
 1262   558  19.520   0.839   0.048
 1263   558  18.443   0.843   0.210
 1264   558  16.429   0.587  -0.049
 1265   558  17.948   0.882   0.344
 1266   558  18.273   0.843   0.139
 1267   558  17.399   0.550  -0.082
 1268   558  15.465   0.844   0.452
 1269   558  18.517   0.734  -0.060
 1270   558  16.759   0.784   0.276
 1271   558  18.840   0.670  -0.109
 1272   558  16.447   0.713   0.192
 1273   558  17.305   0.899   0.607
 1274   558  17.174   0.715  -0.007
 1275   558  17.368   0.780   0.180
 1276   558  16.352   1.038   0.848
 1277   558  18.216   0.779   0.178
 1278   558  15.793   0.914   0.614
 1279   558  17.390   0.767   0.077
 1280   558  18.661   0.814   0.331
 1281   558  16.919   0.989   0.734
 1282   558  18.796   0.672   0.047
 1283   558  16.542   0.970   0.699
 1284   558  16.239   0.712   0.130
 1285   558  16.025   0.681   0.186
 1286   558  16.405   0.808   0.312
 1287   558  18.365   0.786   0.022
 1288   558  18.987   0.770  -0.237
 1289   558  15.594   0.640   0.067
 1290   558  16.635   0.671   0.249
 1291   558  19.711   0.677  -0.114
 1292   558  15.927   1.144   1.113
 1293   558  17.273   0.740   0.243
 1294   558  15.885   0.784   0.398
 1295   558  18.461   0.819   0.459
 1296   558  19.312   0.687  -0.180
 1297   558  17.666   1.100   0.922
 1298   558  16.779   0.988   0.748
 1299   558  17.997   0.976   0.676
 1300   558  18.695   0.636  -0.058
 1301   558  18.320   0.764   0.182
 1302   558  15.272   0.675   0.108
 1303   558  17.787   0.809   0.345
 1304   558  16.232   0.658   0.112
 1305   558  15.935   0.738   0.212
 1306   558  16.387   0.829   0.443
 1307   558  17.175   1.204   1.244
 1308   558  18.575   0.758   0.215
 1309   558  17.268   0.765   0.291
 1310   558  17.144   0.943   0.667
 1311   558  18.431   0.840   0.509
 1312   558  17.736   0.819   0.316
 1313   558  17.812   0.690   0.076
 1314   558  18.147   0.753   0.299
 1315   558  16.106   1.005   0.778
 1316   558  16.607   0.707   0.189
 1317   558  17.246   0.961   0.757
 1318   558  19.946   0.719   0.270
 1319   558  18.433   0.852   0.386
 1320   558  17.152   1.063   0.930
 1321   558  18.153   0.731   0.261
 1322   558  17.587   1.117   0.995
 1323   558  16.612   0.972   0.632
 1324   558  16.762   0.763   0.226
 1325   558  18.518   0.710   0.202
 1326   558  17.074   0.771   0.186
 1327   558  18.460   0.967   0.619
 1328   558  19.179   0.715   0.315
 1329   558  19.558   0.545   0.119
 1330   558  17.329   0.804   0.268
 1331   558  18.416   0.764   0.178
 1332   558  17.980   0.606   0.024
 1333   558  17.519   0.964   0.703
 1334   558  19.026   0.359  -0.088
 1335   558  18.112   0.749   0.200
 1336   558  16.134   0.724   0.207
 1337   558  18.755   0.698   0.251
 1338   558  17.326   0.946   0.661
 1339   558  16.437   0.850   0.401
 1340   558  18.035   0.649   0.029
 1341   558  18.524   0.904   0.628
 1342   558  18.390   1.044   0.369
 1343   558  16.240   0.865   0.599
 1344   558  19.074   0.825   0.205
 1345   558  17.239   0.786   0.211
 1346   558  17.723   1.058   0.618
 1347   558  18.093   0.687   0.106
 1348   558  17.176   1.078   0.935
 1349   558  16.587   1.034   0.682
 1350   558  19.270   0.596   0.125
 1351   558  18.781   0.816   0.334
 1352   558  18.714   0.820   0.124
 1353   558  18.035   0.748   0.439
 1354   558  17.637   0.753   0.203
 1355   558  17.539   1.036   0.964
 1356   558  16.758   0.720   0.176
 1357   558  16.232   0.860   0.485
 1358   558  17.281   1.250   1.257
 1359   558  16.452   0.658   0.025
 1360   558  16.646   1.165   1.145
 1361   558  18.024   0.740   0.211
 1362   558  11.092   0.278   0.135
 1363   558  17.012   0.646  -0.025
 1364   558  16.407   0.764   0.249
 1365   558  13.838   0.499   0.047
 1366   558  16.017   0.813   0.435
 1367   558  15.618   0.714   0.208
 1368   558  18.580   0.962   0.577
 1369   558  16.261   0.946   0.502
 1370   558  15.716   0.588  -0.070
 1371   558  17.248   0.696   0.121
 1372   558  18.259   0.775  -0.049
 1373   558  16.669   1.106   0.940
 1374   558  16.497   0.793   0.361
 1375   558  16.155   0.711   0.183
 1376   558  17.138   0.881   0.509
 1377   558  17.793   1.060   0.840
 1378   558  15.878   0.893   0.435
 1379   558  17.305   1.127   1.110
 1380   558  15.767   0.636   0.138
 1381   558  15.514   1.044   0.757
 1382   558  18.222   0.918   0.731
 1383   558  17.706   0.711   0.181
 1384   558  18.608   0.812   0.183
 1385   558  18.570   0.992   0.803
 1386   558  18.942   0.801   0.689
 1387   558  18.607   0.783   0.176
 1388   558  16.724   0.690   0.142
 1389   558  17.691   0.700   0.235
 1390   558  18.906   0.880   0.232
 1391   558  16.319   0.852   0.526
 1392   558  16.254   0.870   0.504
 1393   558  17.941   0.613   0.091
 1394   558  17.058   0.767   0.291
 1395   558  17.117   0.705   0.140
 1396   558  17.959   1.027   0.818
 1397   558  19.045   0.974   0.464
 1398   558  17.156   0.785   0.235
 1399   558  17.708   0.712   0.123
 1400   558  18.494   0.890   0.464
 1401   558  17.088   0.741   0.181
 1402   558  17.585   0.921   0.666
 1403   558  18.784   0.879   0.872
 1404   558  17.820   0.799   0.270
 1405   558  16.271   1.096   1.056
 1406   558  16.566   0.702   0.255
 1407   558  19.591   0.417   0.530
 1408   558  16.310   0.884   0.573
 1409   558  16.060   0.749   0.221
 1410   558  18.465   0.819   0.409
 1411   558  18.014   0.729   0.039
 1412   558  17.701   0.754   0.308
 1413   558  16.916   0.716   0.211
 1414   558  16.912   1.253   1.198
 1415   558  15.877   1.008   0.766
 1416   558  16.999   0.618   0.069
 1417   558  18.185   0.848   0.370
 1418   558  18.411   0.844   0.314
 1419   558  19.036   0.646   0.235
 1420   558  18.020   0.697   0.110
 1421   558  19.174   0.739   0.515
 1422   558  18.320   0.733   0.248
 1423   558  16.962   0.548   0.065
 1424   558  18.022   0.732   0.198
 1425   558  16.022   0.700   0.162
 1426   558  17.419   1.466   1.213
 1427   558  17.054   1.278   1.352
 1428   558  17.104   0.961   0.570
 1429   558  18.946   0.580  -0.043
 1430   558  17.623   0.835   0.366
 1431   558  18.932   0.749   0.159
 1432   558  17.812   0.577  -0.034
 1433   558  17.174   0.988   0.860
 1434   558  18.811   0.819   0.387
 1435   558  19.211   0.663  -0.223
 1436   558  18.946   0.819   0.398
 1437   558  15.349   0.675   0.181
 1438   558  18.772   0.580  -0.074
 1439   558  15.900   0.900   0.669
 1440   558  15.274   0.666   0.139
 1441   558  15.962   0.698   0.135
 1442   558  16.570   0.765   0.329
 1443   558  18.434   0.911   0.497
 1444   558  15.483   0.641   0.104
 1445   558  15.365   0.689   0.177
 1446   558  16.304   0.774   0.284
 1447   558  17.974   0.798   0.329
 1448   558  15.502   0.776   0.362
 1449   558  15.696   0.836   0.454
 1450   558  16.389   0.757   0.274
 1451   558  17.606   0.883   0.395
 1452   558  16.273   0.750   0.252
 1453   558  17.274   0.947   0.534
 1454   558  18.556   0.731   0.156
 1455   558  18.367   0.763   0.299
 1456   558  16.727   0.779   0.188
 1457   558  16.983   0.728   0.176
 1458   558  18.789   0.917  -0.546
 1459   558  16.959   0.606  -0.041
 1460   558  17.109   1.068   0.831
 1461   558  16.956   0.674   0.184
 1462   558  17.738   0.786   0.244
 1463   558  16.327   0.678   0.054
 1464   558  19.192   0.738   0.281
 1465   558  18.432   0.973   1.108
 1466   558  18.687   0.899   0.350
 1467   558  15.883   0.820   0.410
 1468   558  17.506   1.132   1.084
 1469   558  17.306   0.734   0.170
 1470   558  16.728   1.138   1.086
 1471   558  17.050   1.503   1.005
 1472   558  16.966   0.632   0.046
 1473   558  15.375   0.623   0.079
 1474   558  17.922   0.590   0.034
 1475   558  18.441   0.834   0.225
 1476   558  18.340   0.593   0.142
 1477   558  17.938   1.015   0.884
 1478   558  18.680   0.796   0.050
 1479   558  17.223   0.672   0.093
 1480   558  16.955   0.639   0.077
 1481   558  18.112   0.634  -0.048
 1482   558  18.094   0.669   0.095
 1483   558  17.000   0.754   0.236
 1484   558  18.287   1.085   1.056
 1485   558  17.526   0.767   0.351
 1486   558  15.857   0.785   0.335
 1487   558  16.873   0.745   0.235
 1488   558  16.984   0.650   0.095
 1489   558  18.277   0.698   0.172
 1490   558  15.673   1.100   0.776
 1491   558  18.732   0.686   0.067
 1492   558  17.810   0.776   0.313
 1493   558  18.538   0.791   0.306
 1494   558  18.367   0.682   0.131
 1495   558  15.325   0.778   0.266
 1496   558  15.681   0.758   0.216
 1497   558  19.450   0.585  -0.068
 1498   558  17.033   0.792   0.285
 1499   558  14.659   0.606   0.141
 1500   558  17.785   1.032   0.910
 1501   558  15.824   0.558  -0.026
 1502   558  18.848   0.761   0.193
 1503   558  18.271   0.828   0.560
 1504   558  17.680   0.774   0.219
 1505   558  15.875   0.361   0.155
 1506   558  18.935   0.907   0.225
 1507   558  18.043   0.598   0.134
 1508   558  17.884   0.666   0.162
 1509   558  18.888   0.771   0.131
 1510   558  18.651   0.985   0.781
 1511   558  15.609   0.842   0.412
 1512   558  18.437   0.788   0.144
 1513   558  17.456   0.566  -0.045
 1514   558  18.315   0.900   0.565
 1515   558  17.835   0.790   0.347
 1516   558  18.503   0.599   0.102
 1517   558  18.687   0.638   0.052
 1518   558  18.785   0.751   0.135
 1519   558  17.413   0.805   0.273
 1520   558  16.674   0.743   0.255
 1521   558  17.750   1.106   0.999
 1522   558  16.892   0.869   0.416
 1523   558  15.703   0.902   0.561
 1524   558  16.417   1.315   1.206
 1525   558  16.081   1.102   1.024
 1526   558  17.032   0.610   0.074
 1527   558  18.515   0.952   0.690
 1528   558  16.490   0.810   0.427
 1529   558  18.652   0.828   0.361
 1530   558  16.936   0.819   0.351
 1531   558  17.554   0.829   0.356
 1532   558  17.716   0.752   0.140
 1533   558  16.377   0.909   0.607
 1534   558  19.096   0.709   0.169
 1535   558  17.133   1.058   0.858
 1536   558  17.601   1.001   0.796
 1537   558  18.129   0.867   0.329
 1538   558  17.374   0.733   0.111
 1539   558  17.603   0.746   0.211
 1540   558  15.448   1.202   1.118
 1541   558  16.081   0.633   0.048
 1542   558  18.019   0.682   0.189
 1543   558  19.543   0.628  -0.072
 1544   558  19.176   0.656   0.188
 1545   558  17.609   0.856   0.396
 1546   558  15.837   0.763   0.270
 1547   558  15.628   1.103   0.901
 1548   558  17.298   0.609   0.073
 1549   558  19.048   0.744   0.128
 1550   558  18.135   0.699  -0.049
 1551   558  16.807   0.711   0.043
 1552   558  15.373   0.683   0.213
 1553   558  17.160   0.951   0.688
 1554   558  18.089   1.078   0.934
 1555   558  18.066   0.815   0.468
 1556   558  16.705   0.611   0.014
 1557   558  17.433   1.400   1.163
 1558   558  16.274   0.752   0.333
 1559   558  16.753   0.593  -0.076
 1560   558  17.663   0.912   0.757
 1561   558  19.404   0.591   0.183
 1562   558  16.978   0.943   0.695
 1563   558  18.395   0.937   0.785
 1564   558  18.946   0.766   0.065
 1565   558  16.922   1.367   1.281
 1566   558  18.393   0.770   0.364
 1567   558  17.814   1.197   1.308
 1568   558  18.617   0.719  -0.095
 1569   558  16.431   0.754   0.373
 1570   558  17.672   0.723   0.172
 1571   558  18.216   0.768   0.227
 1572   558  16.531   0.823   0.380
 1573   558  17.315   0.795   0.172
 1574   558  18.815   0.834   0.375
 1575   558  17.337   0.963   0.702
 1576   558  15.437   0.870   0.562
 1577   558  17.842   1.066   0.811
 1578   558  17.376   0.920   0.564
 1579   558  16.299   0.898   0.545
 1580   558  15.269   0.807   0.421
 1581   558  18.614   0.818   0.463
 1582   558  18.719   0.943   0.249
 1583   558  18.308   0.751   0.279
 1584   558  15.819   0.796   0.438
 1585   558  16.691   0.708   0.132
 1586   558  18.490   0.653   0.071
 1587   558  16.951   0.658   0.083
 1588   558  17.264   1.058   1.019
 1589   558  17.844   1.118   1.111
 1590   558  16.601   0.766   0.248
